#1
9 8 4 5 3 1 0 7 2
6 1 0 0 0 7 0 4 0
2 5 7 0 4 9 8 0 0
3 0 0 0 6 0 0 1 0
0 0 0 3 7 0 9 2 0
0 0 9 0 0 5 0 0 0
0 3 0 0 0 6 0 0 0
0 4 5 0 1 8 0 9 6
1 9 6 7 0 0 2 8 0

#2
0 0 5 3 6 0 4 0 0
9 6 2 0 0 4 0 7 0
3 0 4 0 2 9 0 6 0
8 2 0 9 4 0 0 1 3
0 4 9 0 3 0 0 5 7
0 0 0 2 0 0 9 8 0
4 0 6 0 0 1 0 0 2
0 0 0 6 9 3 0 0 5
0 0 3 0 8 0 0 0 0

#3  --> nytimes (easy)
0 5 0 1 0 8 3 0 9
9 3 1 0 0 0 5 0 6
6 7 0 5 9 0 0 0 0
1 0 5 0 8 4 0 3 0
0 0 3 0 2 6 0 5 0
0 0 0 0 0 5 6 4 8
0 9 7 0 3 0 0 6 0
3 0 0 8 0 2 7 0 0
5 0 0 6 0 0 1 0 0

#4 --> nytime (medium_ half solved)
0 0 0 7 0 5 6 0 0
7 9 0 0 0 6 0 0 0
0 3 6 2 0 4 7 1 0
6 5 7 4 1 8 0 3 0
9 8 3 6 0 0 5 4 1
0 2 0 0 0 9 8 0 0
3 0 9 0 0 0 0 0 0
2 0 8 0 6 3 0 0 0
0 0 5 0 0 0 3 2 0